{
 "cells": [
  {
   "cell_type": "markdown",
   "metadata": {},
   "source": [
    "# BE : Dynamically solving the TSP"
   ]
  },
  {
   "cell_type": "markdown",
   "metadata": {},
   "source": [
    "\n",
    "### 10/10/2018 - Josselin DELOSTE "
   ]
  },
  {
   "cell_type": "markdown",
   "metadata": {},
   "source": [
    "###### Question 1 - Data structure"
   ]
  },
  {
   "cell_type": "code",
   "execution_count": 91,
   "metadata": {},
   "outputs": [
    {
     "name": "stdout",
     "output_type": "stream",
     "text": [
      "expected number of vertices : 15\n",
      "\n",
      "reading point 0: (20833.3333, 17100.0)\n",
      "reading point 1: (20900.0, 17066.6667)\n",
      "reading point 2: (21300.0, 13016.6667)\n",
      "reading point 3: (21600.0, 14150.0)\n",
      "reading point 4: (21600.0, 14966.6667)\n",
      "reading point 5: (21600.0, 16500.0)\n",
      "reading point 6: (22183.3333, 13133.3333)\n",
      "reading point 7: (22583.3333, 14300.0)\n",
      "reading point 8: (22683.3333, 12716.6667)\n",
      "reading point 9: (23616.6667, 15866.6667)\n",
      "reading point 10: (23700.0, 15933.3333)\n",
      "reading point 11: (23883.3333, 14533.3333)\n",
      "reading point 12: (24166.6667, 13250.0)\n",
      "reading point 13: (25149.1667, 12365.8333)\n",
      "reading point 14: (26133.3333, 14500.0)\n",
      "\n",
      "number of vertices: 15\n"
     ]
    }
   ],
   "source": [
    "# reader student\n",
    "\n",
    "\"\"\"A simple reader for data file for TSP problem\"\"\"\n",
    "import sys\n",
    "import time\n",
    "\n",
    "## Before testing the code you have to change the text file data paths\n",
    "file_5 = \"/Users/josselindeloste/Desktop/data/tsp5.txt\"\n",
    "file_10 = \"/Users/josselindeloste/Desktop/data/tsp10.txt\"\n",
    "file_15 = \"/Users/josselindeloste/Desktop/data/tsp15.txt\"\n",
    "file_20 = \"/Users/josselindeloste/Desktop/data/tsp20.txt\"\n",
    "file_25 = \"/Users/josselindeloste/Desktop/data/tsp25.txt\"\n",
    "with open(file_15) as data_file:\n",
    "    nb = 0\n",
    "\n",
    "    # first line is total number of vertices in file\n",
    "    print(\"expected number of vertices : {0}\\n\".format(int(data_file.readline())))\n",
    "    Coord =[]\n",
    "    for line in data_file:\n",
    "        print(\"reading point {0}: {1}\".format(nb,\n",
    "                                              tuple(float(x) for x in line.split())))\n",
    "        Coord.append(tuple(float(x) for x in line.split()))\n",
    "        nb = nb + 1\n",
    "\n",
    "    print(\"\\nnumber of vertices: {0}\".format(nb))\n",
    "    "
   ]
  },
  {
   "cell_type": "code",
   "execution_count": 92,
   "metadata": {},
   "outputs": [
    {
     "name": "stdout",
     "output_type": "stream",
     "text": [
      "[[   0.           74.53561416 4109.91345989 3047.99570684 2266.91173136\n",
      "   973.53881735 4190.10079937 3301.89339622 4757.74219761 3044.34818055\n",
      "  3094.97805449 3986.26114911 5092.5054301  6406.1495674  5903.38885726]\n",
      " [  74.53561416    0.         4069.70514902 2999.49072992 2213.59436212\n",
      "   900.61709338 4137.39724881 3238.52676811 4701.3591289  2969.89527743\n",
      "  3020.6695608  3913.82877684 5023.74920033 6336.65939584 5828.85540889]\n",
      " [4109.91345989 4069.70514902    0.         1172.36699411 1972.94196569\n",
      "  3496.22809309  891.0043852  1814.90735791 1415.4896746  3672.79792514\n",
      "  3777.16084587 2995.64492463 2876.14714467 3903.80178787 5055.82717938]\n",
      " [3047.99570684 2999.49072992 1172.36699411    0.          816.6667\n",
      "  2350.         1172.13007716  994.70818781 1796.67898852 2648.37481067\n",
      "  2755.04585423 2315.28732078 2719.88564997 3972.38405467 4546.82425533]\n",
      " [2266.91173136 2213.59436212 1972.94196569  816.6667        0.\n",
      "  1533.3333     1923.89945019 1188.01888359 2497.22066283 2208.38053308\n",
      "  2311.80542338 2324.0888095  3087.83459851 4400.10438955 4557.28961311]\n",
      " [ 973.53881735  900.61709338 3496.22809309 2350.         1533.3333\n",
      "     0.         3416.82929158 2409.76023266 3935.3807818  2113.77757765\n",
      "  2175.11175549 3013.53428183 4141.28940656 5448.6620897  4954.90774979]\n",
      " [4190.10079937 4137.39724881  891.0043852  1172.13007716 1923.89945019\n",
      "  3416.82929158    0.         1233.33336486  650.85409698 3086.34996575\n",
      "  3184.38029747 2202.27155455 1986.7618112  3063.53129681 4179.74614886]\n",
      " [3301.89339622 3238.52676811 1814.90735791  994.70818781 1188.01888359\n",
      "  2409.76023266 1233.33336486    0.         1586.48805192 1876.75849923\n",
      "  1978.56568953 1320.77417786 1899.8538511  3213.17628834 3555.62933951]\n",
      " [4757.74219761 4701.3591289  1415.4896746  1796.67898852 2497.22066283\n",
      "  3935.3807818   650.85409698 1586.48805192    0.         3285.36318168\n",
      "  3373.5078471  2177.21784293 1576.30022028 2490.66626249 3883.6551931 ]\n",
      " [3044.34818055 2969.89527743 3672.79792514 2648.37481067 2208.38053308\n",
      "  2113.77757765 3086.34996575 1876.75849923 3285.36318168    0.\n",
      "   106.71866962 1359.73858926 2673.84453903 3821.5691469  2863.80667023]\n",
      " [3094.97805449 3020.6695608  3777.16084587 2755.04585423 2311.80542338\n",
      "  2175.11175549 3184.38029747 1978.56568953 3373.5078471   106.71866962\n",
      "     0.         1411.95293792 2723.61072985 3850.60259887 2824.10256502]\n",
      " [3986.26114911 3913.82877684 2995.64492463 2315.28732078 2324.0888095\n",
      "  3013.53428183 2202.27155455 1320.77417786 2177.21784293 1359.73858926\n",
      "  1411.95293792    0.         1314.23824874 2510.05785721 2250.24689954]\n",
      " [5092.5054301  5023.74920033 2876.14714467 2719.88564997 3087.83459851\n",
      "  4141.28940656 1986.7618112  1899.8538511  1576.30022028 2673.84453903\n",
      "  2723.61072985 1314.23824874    0.         1321.76283931 2330.29558545]\n",
      " [6406.1495674  6336.65939584 3903.80178787 3972.38405467 4400.10438955\n",
      "  5448.6620897  3063.53129681 3213.17628834 2490.66626249 3821.5691469\n",
      "  3850.60259887 2510.05785721 1321.76283931    0.         2350.15986689]\n",
      " [5903.38885726 5828.85540889 5055.82717938 4546.82425533 4557.28961311\n",
      "  4954.90774979 4179.74614886 3555.62933951 3883.6551931  2863.80667023\n",
      "  2824.10256502 2250.24689954 2330.29558545 2350.15986689    0.        ]]\n",
      "[[   0.           74.53561416 4109.91345989 3047.99570684 2266.91173136\n",
      "   973.53881735 4190.10079937 3301.89339622 4757.74219761 3044.34818055\n",
      "  3094.97805449 3986.26114911 5092.5054301  6406.1495674  5903.38885726]\n",
      " [  74.53561416    0.         4069.70514902 2999.49072992 2213.59436212\n",
      "   900.61709338 4137.39724881 3238.52676811 4701.3591289  2969.89527743\n",
      "  3020.6695608  3913.82877684 5023.74920033 6336.65939584 5828.85540889]\n",
      " [4109.91345989 4069.70514902    0.         1172.36699411 1972.94196569\n",
      "  3496.22809309  891.0043852  1814.90735791 1415.4896746  3672.79792514\n",
      "  3777.16084587 2995.64492463 2876.14714467 3903.80178787 5055.82717938]\n",
      " [3047.99570684 2999.49072992 1172.36699411    0.          816.6667\n",
      "  2350.         1172.13007716  994.70818781 1796.67898852 2648.37481067\n",
      "  2755.04585423 2315.28732078 2719.88564997 3972.38405467 4546.82425533]\n",
      " [2266.91173136 2213.59436212 1972.94196569  816.6667        0.\n",
      "  1533.3333     1923.89945019 1188.01888359 2497.22066283 2208.38053308\n",
      "  2311.80542338 2324.0888095  3087.83459851 4400.10438955 4557.28961311]\n",
      " [ 973.53881735  900.61709338 3496.22809309 2350.         1533.3333\n",
      "     0.         3416.82929158 2409.76023266 3935.3807818  2113.77757765\n",
      "  2175.11175549 3013.53428183 4141.28940656 5448.6620897  4954.90774979]\n",
      " [4190.10079937 4137.39724881  891.0043852  1172.13007716 1923.89945019\n",
      "  3416.82929158    0.         1233.33336486  650.85409698 3086.34996575\n",
      "  3184.38029747 2202.27155455 1986.7618112  3063.53129681 4179.74614886]\n",
      " [3301.89339622 3238.52676811 1814.90735791  994.70818781 1188.01888359\n",
      "  2409.76023266 1233.33336486    0.         1586.48805192 1876.75849923\n",
      "  1978.56568953 1320.77417786 1899.8538511  3213.17628834 3555.62933951]\n",
      " [4757.74219761 4701.3591289  1415.4896746  1796.67898852 2497.22066283\n",
      "  3935.3807818   650.85409698 1586.48805192    0.         3285.36318168\n",
      "  3373.5078471  2177.21784293 1576.30022028 2490.66626249 3883.6551931 ]\n",
      " [3044.34818055 2969.89527743 3672.79792514 2648.37481067 2208.38053308\n",
      "  2113.77757765 3086.34996575 1876.75849923 3285.36318168    0.\n",
      "   106.71866962 1359.73858926 2673.84453903 3821.5691469  2863.80667023]\n",
      " [3094.97805449 3020.6695608  3777.16084587 2755.04585423 2311.80542338\n",
      "  2175.11175549 3184.38029747 1978.56568953 3373.5078471   106.71866962\n",
      "     0.         1411.95293792 2723.61072985 3850.60259887 2824.10256502]\n",
      " [3986.26114911 3913.82877684 2995.64492463 2315.28732078 2324.0888095\n",
      "  3013.53428183 2202.27155455 1320.77417786 2177.21784293 1359.73858926\n",
      "  1411.95293792    0.         1314.23824874 2510.05785721 2250.24689954]\n",
      " [5092.5054301  5023.74920033 2876.14714467 2719.88564997 3087.83459851\n",
      "  4141.28940656 1986.7618112  1899.8538511  1576.30022028 2673.84453903\n",
      "  2723.61072985 1314.23824874    0.         1321.76283931 2330.29558545]\n",
      " [6406.1495674  6336.65939584 3903.80178787 3972.38405467 4400.10438955\n",
      "  5448.6620897  3063.53129681 3213.17628834 2490.66626249 3821.5691469\n",
      "  3850.60259887 2510.05785721 1321.76283931    0.         2350.15986689]\n",
      " [5903.38885726 5828.85540889 5055.82717938 4546.82425533 4557.28961311\n",
      "  4954.90774979 4179.74614886 3555.62933951 3883.6551931  2863.80667023\n",
      "  2824.10256502 2250.24689954 2330.29558545 2350.15986689    0.        ]]\n"
     ]
    }
   ],
   "source": [
    "## setting up of our data structures in order to represent nodes and setofnodes\n",
    "import networkx as nx\n",
    "from scipy.spatial.distance import euclidean\n",
    "import numpy as np\n",
    "import matplotlib.pyplot as plt\n",
    "\n",
    "D = np.zeros((len(Coord),len(Coord)))\n",
    "for i in range(0,len(Coord)):\n",
    "    for j in range(i+1,len(Coord)):\n",
    "        D[i,j] = euclidean(Coord[i],Coord[j])\n",
    "        D[j,i] = D[i,j]\n",
    "\n",
    "# D is our matrix containing all euclidean distances beetween cities\n",
    "\n",
    "print(D)\n",
    "\n",
    "#g = nx.Graph()\n",
    "#g = g_5.add_weighted_edges_from(zip([1,1,1,1,2,2,2,3,3,4],\n",
    " #                                     [2,3,4,5,3,4,5,4,5,5],\n",
    "                                      \n",
    "print(D)"
   ]
  },
  {
   "cell_type": "markdown",
   "metadata": {},
   "source": [
    "###### Question 2 - Held-Karp’s algorithm implementation"
   ]
  },
  {
   "cell_type": "code",
   "execution_count": 93,
   "metadata": {},
   "outputs": [
    {
     "name": "stdout",
     "output_type": "stream",
     "text": [
      "number of cities : 15\n",
      "Optimal distance : 19269.935997794255\n",
      "Execution time : 2.024384021759033\n"
     ]
    }
   ],
   "source": [
    "import itertools\n",
    "\n",
    "tim = time.time()\n",
    "\n",
    "# We use a dictionary :\n",
    "L = {}\n",
    "n = len(Coord)\n",
    "for i in range(1, n):\n",
    "    L[((0,i),i)] = D[i,0]\n",
    "    \n",
    "for m in range(2,n):\n",
    "    for i in itertools.combinations(range(1,n), m):\n",
    "        i = set(i)\n",
    "        i.add(0)\n",
    "        i = tuple(sorted(i))\n",
    "        for j in i:\n",
    "            if j != 0:\n",
    "                s = set(i)\n",
    "                s.remove(j)\n",
    "                s = tuple(sorted(s))\n",
    "                min_temp = float('inf')\n",
    "                for k in i:\n",
    "                    if k != j and k != 0:\n",
    "                        value = L.get((s,k)) + D[k,j]\n",
    "                        min_temp = min(value, min_temp)\n",
    "                L[(i,j)] = min_temp\n",
    "\n",
    "sol = float('inf')\n",
    "for j in range(1,n):\n",
    "    sol = min(sol, L.get((tuple(sorted(range(n))),j)) + D[j,0])\n",
    "\n",
    "print(\"number of cities : \"+str(n))\n",
    "print(\"Optimal distance : \"+str(sol))\n",
    "print(\"Execution time : \"+str(time.time()-tim))\n",
    "\n",
    "## In order to test the algorithm with an increasing number of cities, please select\n",
    "## the corresponding text file in first code window (file_5, file_10, file_15, file_20, file_25)"
   ]
  },
  {
   "cell_type": "markdown",
   "metadata": {},
   "source": [
    "##### Some results :\n",
    "- number of cities : 5 \n",
    "    - Optimal distance : ~ 8387.08\n",
    "    - Execution time : ~ 0.0024\n",
    "- number of cities : 10 \n",
    "    - Optimal distance : ~ 12349.98\n",
    "    - Execution time : ~ 0.0404\n",
    "- number of cities : 15 \n",
    "    - Optimal distance : ~ 19269.94\n",
    "    - Execution time : ~ 2.0244\n",
    "- number of cities : 20 \n",
    "    - Optimal distance : ~ 23328.99\n",
    "    - Execution time : ~ 86.1478 (~ 1 min and 26 seconds)\n",
    "- number of cities : 25 \n",
    "    - Sorry we haven't suceeded to code our algorithm in less than minus 30 minutes :)"
   ]
  },
  {
   "cell_type": "markdown",
   "metadata": {},
   "source": []
  }
 ],
 "metadata": {
  "kernelspec": {
   "display_name": "Python 3",
   "language": "python",
   "name": "python3"
  },
  "language_info": {
   "codemirror_mode": {
    "name": "ipython",
    "version": 3
   },
   "file_extension": ".py",
   "mimetype": "text/x-python",
   "name": "python",
   "nbconvert_exporter": "python",
   "pygments_lexer": "ipython3",
   "version": "3.6.5"
  }
 },
 "nbformat": 4,
 "nbformat_minor": 2
}
